30
111000001001001000111000111100
120000000110111010100101011001
011111111000111101010011111111
101010101111100101001010101101
010001100001111011101111011000
010121001001001101110111010111
022221020020001100000111010110
021121010110100101110000010101
020110100000001101111011010000
010000011110110121111011111011
020201001000000120000110101111
011001011100101121111110000100
011101111100001121011010001001
111010010110001220001001001010
101011101112211110000011011011
000101001122222221100111111001
001101110112212211001011100001
000000000111111110100101100100
001001110000001110110100110100
100011110011101110100100111100
101101101001000100011111010010
100110001011010001001011100110
010001000011101001000111100011
000100111100010110010010101000
100001101010111101101011010110
011000111011000111010110100110
110101000001111010010010011011
010111101011111100010001111101
110111000110110001101001010000
000101101011111111001111100101
